1133738
4245941
9517947
17971287
27909370
46234405
62124698
75248417
97843131
126716315
143933072
146808447
133821318
161219461
133594919
130750083
129087697
124832280
135593889
132522342
125364011
141341277
146841053
131605707
129771668
138255962
139990812
176553786
147351589
148985160
142311980
142734861
124831832
126957911
137745536
153798725
130997074
160713343
150109965
147284148
175839969
158988857
155474282
188722141
164188859
139478233
136187331
149390995
135027567
152692277
133729070
158307775
148286272
140817893
139013457
159245591
150384512
146277021
149611361
163547105
153213418
153345898
149956764
177382285
220850276
206128855
209232791
198477330
213678341
229107469
236187541
224763428
241471628
234349809
226525139
251655764
256329481
265363162
301155677
230538467
247760944
271594936
249231810
264362781
256155333
259729886
235118063
217310219
193701834
241011202
208934679
168639532
175254769
178969465
204211674
199010539
193282105
185792895
216238185
152577875
